accuracy: 0.9227822580645162
f1: 0.9469849221447502
precision: 0.974608695652174
recall: 0.9231884057971014
